-0.2437 0.2001 0.4116 -2.0339 -0.0346 -0.0092 -0.8265 0.062 1.5204 -1.1539
-1.1571 -0.4617 1.2802 1.2377 0.6409 -0.3218 -0.5452 -1.2511 1.3383 -1.9957
1.9361 -0.1796 -1.6963 0.0302 2.8873 -1.6163 -0.1336 -2.5202 0.0638 -1.1717
-0.0113 0.3568 -0.7576 0.1707 0.0889 -0.4683 -1.9561 1.0911 0.5089 -2.0875
-1.1037 -0.3298 1.9749 -1.5389 0.867 1.772 -0.3782 -1.458 -1.7019 -0.9455
0.9016 -3.3005 -0.5344 -1.6761 0.1365 -0.4382 -0.7173 -0.9461 0.229 -2.0324
-1.0012 1.8461 -0.6713 -2.4329 -1.0533 -0.0412 0.7375 0.0006 -0.7164 0.0251
-1.7173 0.0738 1.4161 0.5729 -0.5071 0.4114 -1.1435 -0.9332 1.2263 -0.4493
1.8944 0.2083 1.2672 0.5731 -0.8435 -1.6899 0.7113 -1.4643 0.0532 1.9439
0.3646 -1.5782 1.5365 -0.4843 -1.5404 0.8588 -0.8763 0.1809 -1.8026 -0.476
-1.5657 -0.7865 0.5147 1.0694 1.6786 -0.0464 1.0834 -2.6034 -0.9063 1.8402
0.303 1.3669 -0.2998 0.7253 -1.4554 -2.1081 0.9456 0.1206 -1.6114 0.3202
-2.4274 0.7114 0.2943 0.5057 -1.4576 0.1809 -0.1424 -1.747 0.4346 -0.6219
-1.4303 -1.3021 -0.0983 0.5703 -0.1273 -1.1604 1.1644 0.0841 0.6876 -1.8655
0.8512 -1.4089 0.4028 0.8634 0.5098 -1.8861 1.0446 0.4333 1.6591 -0.3238
-0.3922 -1.6295 1.1495 0.1294 3.6094 -0.8109 -2.3173 0.9246 -1.4879 1.1642
1.3738 -0.2986 -0.2671 0.5271 -1.2261 0.43 -1.1509 -1.0008 -1.0771 -1.784
0.0568 -1.2216 0.9486 -0.1162 -1.3803 0.8151 -0.7661 -0.5873 0.7531 0.8092
-0.8347 0.2299 0.5085 -0.7193 1.3592 0.4466 0.5563 -2.0997 2.0024 1.9762
-0.9093 0.2678 -0.3105 1.5973 -1.2354 0.0293 1.5747 -0.4835 -0.2896 0.0018
-1.7722 -0.8897 0.7665 1.0714 2.082 0.1016 -3.9683 0.5209 0.939 -0.7814
-2.3046 2.0977 -0.5872 -1.1394 -0.7642 -0.7922 0.5673 -0.9751 -1.0549 1.1156
-0.3289 2.1709 0.5813 0.8071 1.7585 -0.5452 2.6526 0.0198 -1.681 -2.0075
-0.2919 -2.1471 1.2204 -0.3659 1.4309 1.1528 -1.5372 0.5034 -0.2418 0.2127
-0.23 -1.8097 1.8162 -0.376 -0.8631 0.4304 -1.0307 -0.0271 0.935 0.0986
1.2209 0.8198 1.9241 -0.9132 -2.0509 1.2562 0.6302 -2.814 0.9744 -1.7074
1.0372 0.1724 -0.3968 -0.3347 0.6484 1.4548 0.0962 -0.6728 -0.7587 3.1143
-0.1969 1.4054 0.7403 0.4482 0.9303 -0.3655 -1.5579 -1.3421 -1.3308 0.8341
-2.1241 2.2295 1.2077 1.4134 0.1754 0.6313 -0.4551 -0.3466 2.3631 -1.2073
0.9739 -0.1467 -0.3261 0.3707 1.8252 -0.8803 -2.8233 -0.242 -0.9845 -0.5386
-0.4495 1.7124 -0.4988 -0.3437 -2.2684 1.0467 -0.976 0.5807 0.779 -0.8226
-2.2623 1.0643 0.7555 -3.4762 0.154 0.5052 1.701 -1.5459 -1.3831 0.1877
1.785 -0.0778 -1.0792 2.2581 0.1913 -0.1564 0.5819 0.7721 2.0928 -1.1001
-0.4198 -0.1371 -2.2347 -0.1756 0.381 -1.1576 0.6686 0.0206 0.486 -0.2782
-1.5581 -2.1124 -2.4727 0.1189 -0.6208 1.2526 -0.3242 1.3834 0.9494 1.0729
-1.0785 0.165 -0.5908 0.9516 -0.0715 1.096 0.8498 0.186 0.6536 -1.4918
1.5644 0.5185 -1.4991 -2.4632 -1.0665 0.3589 -1.1493 0.2469 -2.0121 -1.5168
0.3664 0.6048 0.7602 -2.0334 0.5775 -1.8784 2.1108 -2.0195 1.9969 -1.6974
-1.1865 0.7662 1.6399 -0.07 0.5052 -0.5447 0.0579 0.3623 -0.4156 0.3323
-1.3634 -0.9196 -2.7007 1.5006 0.4522 0.199 0.0855 -0.4807 2.0376 -0.255
-1.1464 -0.4864 0.1575 -0.5655 -1.3813 0.8171 -0.1584 0.866 1.2858 3.0426
-0.4493 0.1726 -1.4123 0.191 0.8852 1.6821 1.8786 0.0943 -0.7676 3.914
0.0754 -0.9596 -0.0185 0.6899 -0.3002 0.9115 3.094 -0.4055 -0.37 -1.3228
0.0729 0.1932 0.3698 -0.645 0.91 -0.5644 -1.4082 2.1872 0.2328 -0.4384
0.0992 0.7031 0.3703 -1.2298 -1.8656 -0.7923 -2.758 0.7979 -0.2236 -2.3695
0.1038 0.1052 -2.5119 0.1556 -0.478 -1.0547 -0.1498 0.0297 -1.6936 1.949
-0.2122 -0.7541 1.9657 -0.3714 -3.0492 0.2977 0.7515 0.2058 -3.08 0.2239
-0.181 0.8963 0.5562 -2.1729 -0.3978 0.3037 -0.0132 0.1583 -0.7841 -2.4956
-0.8295 -0.3111 -1.005 0.662 -0.0082 0.2542 0.2483 0.0953 0.8707 -0.4978
0.2536 -0.2309 -0.6393 -1.9199 -0.3103 2.1859 0.4739 1.4382 -0.6661 -0.8907
-1.1458 1.535 -0.3958 1.5312 -1.2832 0.762 -0.2866 2.8063 0.9465 -2.2153
-0.2668 -0.4548 -1.1713 -0.0025 -0.4711 -0.9131 2.6694 0.8743 -2.3291 1.3059
0.2719 -0.0124 0.7411 -1.3437 0.3706 -1.2359 0.3428 0.9805 -0.0816 1.7544
2.1687 2.4142 -0.9835 -0.3216 0.6088 -3.217 0.3412 0.1245 0.1536 0.2573
0.5157 -1.2419 0.1824 -0.7671 -0.3127 -2.5939 -0.5895 -1.5562 -0.2548 0.8622
0.8791 -0.6076 1.0226 1.0685 -0.4436 2.3333 -1.1544 0.8453 0.7684 -0.9058
-0.7795 0.6717 1.0247 1.2193 -1.5318 1.1193 -0.6893 0.3123 -0.1434 -0.2862
-0.1827 -0.6923 1.2284 1.7535 0.6902 -2.1744 0.4949 0.7264 0.6304 0.8005
-1.5889 0.3438 2.8401 -0.3445 0.4966 -1.0376 -3.5156 -0.3905 1.3264 0.0364
-1.3493 0.5307 -0.1412 -1.6844 -0.4367 -1.629 -0.8829 -2.6938 1.4789 0.6317
0.3456 -0.7521 -2.3405 1.0825 -3.3254 0.6753 -1.2706 -1.6786 -0.5475 0.8709
1.7299 -0.2798 1.6969 2.4944 0.7256 -0.2502 0.3264 -0.176 -0.2368 0.3104
-0.7174 -1.8594 0.7307 0.9572 -1.8496 -0.9163 -0.3913 -1.5461 -0.4389 1.4521
0.6089 -2.2424 0.5774 1.557 0.3835 0.5896 -0.197 -0.6646 -0.5925 0.1535
0.8395 1.0778 -1.6568 0.0292 1.1872 -0.966 0.7239 0.4117 -2.0695 -1.5263
-1.536 -0.7376 0.3316 1.7256 1.2319 0.3472 -0.9353 -0.3198 0.9129 0.2873
-2.0601 -0.3621 -0.3191 -0.1598 0.0789 0.5122 0.3393 -0.429 -1.2987 1.6238
0.1696 -0.2984 -0.4987 -0.1069 -0.0665 -1.0619 -0.8254 0.391 -0.3019 0.6747
1.348 0.0759 -0.6113 0.1984 -1.1675 -2.2012 1.2806 1.8063 0.7883 1.0642
0.4658 1.0017 1.4819 -1.0356 -0.3321 -0.0193 -0.0412 -1.9198 0.3038 2.0695
0.0785 0.4149 -0.3082 0.6812 0.1192 1.1065 -1.4045 1.3604 2.4595 -0.5762
-1.9192 0.557 -0.601 -1.4378 0.209 1.3671 -2.0107 0.5706 -0.5963 -1.8639
-1.2787 2.6474 -0.0371 0.0718 0.8257 -2.4159 3.6293 -1.0658 1.4275 2.3356
-0.5466 -0.5672 0.6988 0.4453 -0.4351 -0.4159 -1.6401 0.6057 -1.1547 -0.6763
-0.5841 0.3474 -1.6933 -0.1932 0.0435 0.0816 -1.4441 -1.6428 0.2778 -1.2281
1.0563 -1.6593 -0.6917 0.8594 0.3121 -0.3642 1.3787 0.47 0.1383 -0.9174
-0.9957 0.5024 2.2312 -0.1436 -0.4432 -1.8619 0.0124 -1.6072 -1.711 0.048
0.4221 -2.8246 -0.2256 -3.7828 -0.3463 -0.2271 -0.8316 0.5079 -0.9181 -0.6714
0.2814 1.3113 -1.098 -0.6864 0.1152 0.2228 0.2168 -0.3372 -1.7427 -1.8096
1.7052 2.3884 -1.7297 0.131 -0.0778 -0.4487 -1.6433 -0.8797 -0.413 2.1751
0.906 -1.1845 0.4614 1.3779 0.6888 -1.4711 0.5493 0.5651 -0.0733 1.2224
-1.3422 0.3227 0.7315 -0.3587 -0.6121 0.1839 0.8476 0.6844 0.4141 -0.2177
-0.9059 -0.1053 1.4935 0.3537 -2.9427 2.4052 0.2898 -1.0918 -0.0725 -1.4516
-0.7647 -3.6616 -1.2643 -0.4151 0.9089 0.7299 -0.3266 -0.7017 1.3076 -0.9847
-1.2276 -0.3729 0.1337 -1.5366 0.5465 0.7774 0.8662 0.3357 -1.0041 -1.2029
-0.2015 -0.3994 1.1184 1.2629 -1.8618 0.32 1.2319 -0.8616 -1.1017 0.1518
-0.0358 -0.694 -0.7087 1.6334 -1.3197 3.0062 0.604 0.7824 0.5809 -1.9972
-0.578 0.7375 -1.0963 -0.2859 -1.5605 3.0016 -0.2794 -0.0263 0.5561 0.615
-1.3325 2.405 0.7543 -0.6671 -0.615 -2.7197 -1.1107 0.4691 -0.9149 -0.3199
0.1107 0.7431 0.1025 -0.0388 0.2609 -0.9793 -1.3834 1.3951 -1.8627 -2.3739
-0.0764 -0.0587 -0.135 1.3809 2.0891 0.0991 0.0235 -1.3419 -1.367 -0.1847
0.2145 0.0976 -0.6779 -1.1604 0.157 -0.0957 0.4377 1.9027 -0.2118 -0.6846
-0.242 2.0577 -0.3873 -0.002 0.5369 1.2107 0.027 1.0228 -0.6898 -1.6042
-0.0852 2.5954 -0.4789 0.1528 1.5562 0.1578 0.1854 1.5594 1.1366 -0.5672
-1.6166 2.8484 0.3056 0.1896 0.2173 1.6263 0.4744 -0.8296 0.2626 -1.3973
-0.7441 1.4583 0.4687 -0.1497 -0.4594 0.5171 0.3993 1.7084 0.2524 1.1533
-2.4623 1.714 -0.2937 0.1003 -0.6527 1.5738 0.7083 1.966 0.4937 -1.3007
-2.0611 2.07 0.6013 1.9189 -0.9151 0.6156 0.7834 -1.8679 0.5243 -2.5857
-0.7282 -0.633 -1.626 2.553 1.7166 0.2676 -2.3443 -1.0492 -0.1766 -2.3362
0.3062 0.4411 -0.7573 2.1802 0.409 0.5297 -2.4511 0.3961 -0.5171 1.4358
0.2361 0.0027 -0.2856 0.9229 0.0321 -0.7555 -1.0462 -0.7601 0.2424 -1.4063
-0.3288 -0.384 -0.2969 -1.9063 0.7578 -0.6744 -0.4795 -0.6356 0.1239 -1.7648
-0.0367 -0.4139 1.3606 -0.4919 -0.7481 0.664 1.6067 -2.4924 0.2676 -0.023
0.8671 -0.9712 -0.7266 -0.7464 -0.9798 0.578 0.855 -0.3227 -1.2882 -0.0332
-0.1318 -1.8736 0.6333 1.6552 -0.7766 -2.1112 -1.006 -1.262 -1.6313 -2.3967
-2.5574 -1.4658 -0.4463 0.6639 -1.6112 2.0968 2.8522 1.9604 -0.1867 -1.8312
1.3171 -0.9634 -1.0734 0.2794 -0.107 0.1173 1.8136 -2.3653 -0.1179 2.9164
-1.3511 0.1794 -1.5869 -1.1788 0.5429 -0.7287 0.0771 -0.9514 0.5671 -0.1766
0.5925 -0.1415 -0.9452 -1.0214 -0.2727 -0.246 2.2015 -0.3763 -1.4979 0.0495
0.0026 0.5328 1.4036 -0.6186 0.1797 -1.3281 -2.7121 -0.5994 -0.906 -0.9555
3.186 -0.3833 -1.7325 -0.7562 -0.7076 0.2033 0.4348 -0.7457 0.0063 0.0611
1.4809 0.4068 0.6281 -0.3708 0.2947 1.4783 0.7412 1.6641 -0.0668 -2.6929
-0.16 0.2297 -0.6313 -0.4506 0.5935 1.0841 -0.3319 0.0154 2.0296 -2.8607
-0.5577 -0.77 -0.195 1.014 0.3687 1.395 -0.5755 -2.0048 -0.435 -0.755
-1.8945 0.6242 -0.2463 1.0464 -0.7433 0.4058 1.556 -1.6245 -0.1354 -1.7136
-0.7532 -0.8909 -1.1797 -1.4651 -0.9856 -1.0622 -0.2821 1.5032 0.7402 -0.6671
0.4299 0.3347 0.0081 1.3916 -1.4226 -1.0182 2.9743 -0.1429 -0.3526 -0.359
-0.0029 -0.0736 -1.2798 -0.4834 -0.4138 1.0034 -0.8678 1.214 0.0884 -1.0241
0.5234 1.3658 0.7649 -0.073 -0.4872 0.794 -1.4179 2.5647 -0.5229 0.1677
-1.8226 -1.6782 -0.421 -0.2926 -0.8865 0.7198 -0.4435 1.2123 1.5154 -0.5306
0.0083 -0.6644 -0.6168 1.2595 1.384 1.6837 0.9796 0.0031 -1.7909 0.0452
0.3168 0.7702 -1.1565 -0.0167 -1.9922 0.0667 1.442 -1.1918 0.9512 1.0387
-0.1273 -0.0746 -1.2448 -0.282 -2.2118 0.072 1.1161 1.2469 -4.6567 -0.1526
0.313 0.5189 -0.7482 0.6828 1.0117 1.5211 0.5488 -0.643 -0.7252 -1.5378
-0.6488 0.3979 2.8686 -0.0388 2.2626 -0.5617 -0.1511 1.0088 -0.0106 1.6612
-1.3728 -1.0249 -0.6856 0.5641 1.3499 -0.2023 -0.6942 0.4172 -0.9976 -0.0118
-0.4623 0.2042 0.2302 -0.9608 0.5725 -1.8678 -0.4555 -1.9376 -0.0428 1.2518
0.0349 -0.8268 1.4247 -2.2286 0.498 -1.4851 1.362 1.7978 -1.1297 -0.7836
-0.5923 0.5832 0.4472 -1.1145 2.4532 -0.4656 0.9624 -0.7544 0.4178 1.0316
0.1772 -0.6223 -1.832 0.3264 -3.3307 0.8651 0.9159 -1.1938 1.6472 0.1589
-0.3196 2.5947 0.4685 -0.4861 1.0395 1.5104 -0.3345 0.6828 0.9233 1.1716
-2.7491 -1.2906 -1.1218 -0.0336 0.6246 -0.2044 1.3386 -1.2397 -1.734 0.4569
0.3262 -0.381 1.4277 0.7647 -0.2059 1.7199 -1.793 -1.0206 -0.432 -0.5568
-2.4836 1.8313 0.4479 0.571 0.4116 -0.769 -0.0124 -0.8803 -1.4683 -1.4744
0.1636 0.2267 0.3826 -1.8547 0.586 -1.1066 -0.4918 1.474 1.1678 -0.0248
1.3351 0.298 1.082 0.2001 0.1126 1.2468 1.7391 -1.9607 -0.4284 2.4311
-0.7003 1.5941 -1.671 3.2094 0.93 -1.9085 1.9642 -1.4797 -0.4518 2.3984
-1.5244 0.6937 -0.6435 1.6811 -0.2767 -2.8138 0.3204 -0.2172 -1.5224 0.8991
-1.2221 -0.9919 -1.7697 0.5168 1.2933 0.0835 0.2069 1.9785 -0.772 0.2906
1.9639 -1.7262 0.8809 -1.3082 0.0002 -0.1737 0.0779 -1.3145 0.6065 2.8843
-2.6486 2.1133 1.4248 -1.305 1.6456 1.5208 0.7806 -0.769 -2.4038 0.4156
0.438 -0.5147 0.2828 -1.4431 -0.5523 -1.7092 -0.4401 1.8191 -3.4468 -0.0981
2.5902 0.4762 -2.8199 0.8432 -1.36 -0.5414 -0.1503 1.9952 -0.9956 2.2792
0.5127 2.3497 0.3603 -1.3938 -1.1265 -2.5074 -0.3255 1.4873 0.073 2.0081
-1.2259 0.2959 0.4248 -0.655 -1.3907 0.9002 0.4671 -2.2116 -0.2607 -0.9027
0.474 -1.2213 -1.4431 -1.3787 -0.9703 1.955 -0.5602 -1.2421 -0.1031 0.948
-0.4719 -0.2232 0.7244 0.5976 0.208 0.2713 -0.188 -0.9931 -1.9515 -2.2211
-1.0131 0.4668 -1.3728 0.705 -1.0378 -0.3287 -1.1734 1.5331 0.3354 1.6501
-1.4057 -0.1767 -0.8078 -0.8054 -0.2388 0.0602 0.0941 0.2435 1.5529 -3.2114
0.9944 -2.1378 -2.3638 -2.0005 0.5824 -0.5304 -0.5922 -1.1001 1.001 1.5041
0.906 -0.4206 0.0578 3.1489 -1.4888 2.9436 0.8628 0.483 -3.6479 1.3811
-1.2578 -1.8605 -0.6247 -0.5768 -0.2617 -0.8822 1.0444 -0.8482 -0.1663 0.0861
-1.2546 -1.3322 -1.0596 -0.596 -0.2444 1.0055 -2.2029 0.6845 -0.0789 1.5959
-2.011 1.475 2.0982 -1.3578 -1.4683 0.1823 -0.0634 -1.1658 1.7965 -0.5793
0.2082 -0.252 0.9421 0.8859 0.4346 0.8084 -0.0985 1.8419 -2.006 -2.2731
0.5531 1.2276 -0.2349 0.7943 -0.3815 -0.3999 -0.7404 -2.217 -1.3073 -0.3842
0.3143 1.5318 0.3033 -1.4323 -1.1569 0.0125 0.6372 -1.1855 -0.2062 -1.3436
-1.0578 -1.8968 0.3606 1.8417 0.353 -0.5881 0.4497 0.9036 -0.4907 -0.1279
1.8742 -0.7807 1.4698 0.0967 0.733 2.5426 -2.2844 -0.4975 0.4379 -1.5813
-0.9453 1.2069 -0.9058 1.4558 0.2456 -1.4445 -1.2782 -0.6612 -0.3164 -2.0771
-0.849 -2.3408 -0.4484 -0.1878 -1.0998 0.3155 -0.6446 0.0503 0.9095 -1.4885
-0.4783 0.5102 1.2521 -2.9221 1.1385 1.0874 -0.4669 -0.4992 0.4157 1.9018
0.9603 -2.8796 -1.717 -0.7818 -0.2666 1.2161 -2.6219 -0.4792 -0.7378 1.5237
1.1774 1.3381 -2.1707 -0.1073 -2.9478 0.6422 0.573 1.8464 -0.6015 -1.3451
-0.9021 0.2554 -0.067 -0.0026 0.756 -0.4927 0.3807 -0.9326 -1.7156 -0.9345
0.5687 -2.7104 -0.5419 -1.2697 1.4877 0.4395 0.92 -1.1196 -1.5782 -0.6407
1.653 -0.8352 -0.8385 0.5188 0.1415 -1.0808 1.4125 -0.9231 1.2497 1.5644
1.2951 0.5405 -1.4562 -0.5904 1.4769 -1.9729 -0.7797 -1.5677 0.4596 1.3211
-1.2497 0.7543 0.1558 0.0131 -0.3369 -0.0878 -0.8342 -3.754 -0.491 -0.338
-2.5294 -1.844 0.0189 0.3103 -0.1946 -0.3395 -2.3292 -0.0425 1.3041 0.8875
-2.1256 1.6832 -3.2969 -1.8361 0.4107 1.2033 -0.1687 1.4277 -0.8222 1.4978
0.3163 0.0921 -1.6934 1.003 0.3171 -0.9524 0.3795 -1.6887 0.1631 -0.6808
1.1905 -0.4112 0.0173 -1.5235 0.3415 0.5193 -0.4668 -1.9593 0.4567 -0.0433
0.4949 0.3123 0.023 0.1208 2.2029 -1.094 1.4439 -0.7379 1.1147 -2.5709
-1.4714 -0.4347 1.3425 -0.6152 1.3747 1.8836 0.0588 0.4143 -0.9192 -2.3217
-1.1339 1.1946 0.5793 -0.1974 0.0857 1.0769 -0.3687 -3.9064 -2.3689 0.3331
-2.6968 1.61 0.7189 -1.2914 2.4762 -0.5532 -0.8778 0.8696 2.3937 -0.8798
1.02 0.8738 -0.706 -0.6912 1.1985 0.9725 2.1496 -1.7217 -1.6488 -1.7278
-0.5354 -0.1138 -1.3634 -1.499 -0.4987 0.0793 -0.4048 0.0306 2.6221 -1.5516
-0.0808 -2.3131 1.2403 -1.4821 0.7035 -2.4187 0.8926 0.265 0.4317 -1.8188
-2.3655 1.3504 0.0436 1.5541 -1.7553 1.8829 0.8798 -1.9663 -0.7904 -0.0937
1.5717 -0.5831 0.2802 1.3482 0.4434 0.5196 -0.4556 0.7787 2.4865 -2.0168
0.9106 -0.7233 0.748 -0.8027 -0.3318 -1.2126 0.3563 -0.4599 -0.6446 0.0507
-0.2441 -1.3883 -1.1492 -1.2137 -1.2259 -1.1625 -0.1192 -0.6623 -0.8774 -0.2313
0.3991 -1.2112 0.292 -0.2552 0.3849 -2.3172 0.3459 -0.6044 0.5074 0.1483
-0.5507 -0.0091 -1.1709 1.8695 -1.6808 -0.4997 -0.9862 0.0775 -0.5613 0.2416
0.3791 -0.9913 0.2624 2.3457 -0.9653 -2.0912 -0.2216 1.2904 2.8237 -2.4313
1.5392 1.0078 -1.1098 0.403 -0.7321 1.5994 2.0231 0.2603 0.2173 -1.4124
-1.2837 -0.4507 -1.5811 -2.0072 -0.7802 -1.5691 -0.0267 0.0206 -0.366 -0.3026
-0.8211 -1.8468 0.2522 -1.2258 -3.4508 1.8153 -1.7426 0.0071 -0.368 0.8845
-1.4965 0.7627 -0.9795 -0.0798 0.3502 -1.305 1.4317 -2.1454 -0.5183 -0.751
1.3898 0.7196 -0.144 -1.4175 0.1646 -1.9781 1.4215 0.2264 1.5702 2.2688
-0.5557 -1.4435 -1.0631 -0.1438 -0.2913 -1.623 -0.709 1.1786 2.1227 0.3251
1.0594 -1.4261 0.38 1.2855 0.6393 -0.5326 0.8356 0.3195 0.5048 -2.2022
-0.1699 -0.9653 1.404 0.7042 -0.9947 -0.8903 0.7816 0.386 0.4562 -1.4683
-1.1161 1.5217 -0.4237 -1.2335 -1.122 2.4399 0.4991 -0.102 1.3738 -0.1944
1.9379 0.3765 -0.8881 0.5576 -0.3785 0.52 0.5964 -0.2661 0.6417 1.0563
0.0462 -0.1577 -1.0157 0.2863 -1.8146 -0.3669 1.2471 -0.2217 1.408 -0.621
-0.6141 -0.9267 -2.0097 -0.4119 -1.6956 -0.4434 0.6456 -0.4399 0.6546 2.1328
-1.3865 -2.8245 -0.3753 0.5152 1.0931 -0.9771 -0.1805 -1.0393 -0.5931 0.2354
